0.0286
1.1759
1.00748
500
1
0.034472 0.751464 0.0354935
0.0344808 0.751414 0.0364917
0.0344704 0.751264 0.0375053
0.0344427 0.751065 0.0385286
0.0343992 0.750856 0.0395568
0.0343414 0.750669 0.0405857
0.0342707 0.750531 0.0416115
0.0341883 0.750462 0.0426313
0.034095 0.750479 0.0436424
0.033992 0.750595 0.0446425
0.0338801 0.750819 0.0456299
0.03376 0.75116 0.0466029
0.0336325 0.751622 0.0475604
0.0334981 0.752208 0.0485013
0.0333575 0.752922 0.0494249
0.0332112 0.753765 0.0503305
0.0330598 0.754737 0.0512178
0.0329036 0.755838 0.0520864
0.0327431 0.757066 0.0529361
0.0325786 0.758421 0.0537669
0.0324106 0.759901 0.0545787
0.0322393 0.761504 0.0553717
0.0320651 0.763228 0.0561459
0.0318883 0.765072 0.0569015
0.0317091 0.767032 0.0576389
0.0315278 0.769106 0.0583582
0.0313446 0.771293 0.0590598
0.0311597 0.77359 0.0597439
0.0309733 0.775995 0.0604109
0.0307913 0.778521 0.0610618
0.0306163 0.781171 0.0616985
0.0304353 0.783688 0.062355
0.0302438 0.785988 0.063043
0.0300438 0.788113 0.0637574
0.0298367 0.790101 0.0644939
0.0296242 0.791988 0.0652482
0.0294076 0.793804 0.0660164
0.0291882 0.795578 0.0667953
0.0289671 0.797336 0.0675816
0.0287452 0.799098 0.0683727
0.0285233 0.800885 0.069166
0.0283022 0.802711 0.0699595
0.0280824 0.804592 0.0707511
0.0278644 0.806539 0.0715393
0.0276487 0.808563 0.0723225
0.0274356 0.810671 0.0730995
0.0272252 0.812869 0.0738692
0.0270178 0.815165 0.0746308
0.0268135 0.817561 0.0753833
0.0266125 0.820061 0.0761261
0.0264147 0.822668 0.0768587
0.0262244 0.825414 0.0775819
0.0260512 0.828373 0.0782986
0.0258942 0.831541 0.0790083
0.0257517 0.834914 0.0797107
0.0256225 0.838485 0.0804054
0.0255047 0.84221 0.0811015
0.0253859 0.845813 0.0818301
0.025256 0.849071 0.0826138
0.0251118 0.851911 0.08346
0.0249589 0.854374 0.0843647
0.0248054 0.856464 0.0853294
0.0246529 0.858256 0.0863449
0.0245024 0.859819 0.0874024
0.0243549 0.861215 0.0884938
0.024211 0.862498 0.0896116
0.0240711 0.863717 0.0907493
0.0239357 0.864911 0.0919011
0.0238047 0.866115 0.0930618
0.0236783 0.867356 0.0942269
0.0235563 0.86866 0.0953923
0.0234387 0.870044 0.0965546
0.0233251 0.871525 0.0977108
0.0232154 0.873115 0.0988583
0.0231093 0.874824 0.099995
0.0230064 0.876658 0.101119
0.0229066 0.878622 0.102228
0.0228095 0.880717 0.103323
0.0227176 0.882832 0.104414
0.0226313 0.884937 0.105503
0.0225499 0.887051 0.106589
0.0224726 0.889188 0.107669
0.0223988 0.891362 0.108741
0.0223279 0.893583 0.109803
0.0222593 0.895862 0.110854
0.0221928 0.898209 0.111892
0.0221338 0.900679 0.112919
0.0220834 0.903297 0.113934
0.0220414 0.906042 0.114942
0.0220091 0.908874 0.115954
0.0219857 0.911802 0.116971
0.02197 0.914834 0.117987
0.021961 0.917978 0.119003
0.0219579 0.921239 0.120015
0.0219598 0.924621 0.121022
0.0219667 0.928129 0.122023
0.0219852 0.931765 0.123022
0.0220155 0.935534 0.124018
0.022056 0.939437 0.125009
0.0221054 0.943477 0.125994
0.0221643 0.947671 0.126975
0.0222354 0.952049 0.127953
0.0223212 0.956625 0.128929
0.0224254 0.961417 0.129901
0.0225456 0.966418 0.130868
0.0226796 0.971622 0.131829
0.0228269 0.976996 0.132795
0.0229863 0.98252 0.133773
0.0231555 0.988192 0.13476
0.0233329 0.994009 0.135753
0.0235165 0.999969 0.13675
0.023705 1.00604 0.137755
0.0238974 1.01216 0.138778
0.0240922 1.01833 0.139815
0.0242883 1.02455 0.140864
0.0244868 1.03082 0.14193
0.0246866 1.03705 0.143024
0.0248853 1.04318 0.144147
0.0250842 1.04926 0.145295
0.0252924 1.05534 0.146466
0.0255093 1.06145 0.147656
0.0257341 1.06755 0.148869
0.0259686 1.07348 0.150128
0.0262106 1.07927 0.151426
0.0264581 1.08496 0.152758
0.0267092 1.09057 0.154117
0.0269622 1.09614 0.155498
0.0272156 1.10167 0.156896
0.0274692 1.1072 0.158308
0.0277239 1.11273 0.159736
0.0279756 1.11817 0.161186
0.0282225 1.12351 0.162658
0.0284624 1.12869 0.16416
0.0286945 1.13372 0.165687
0.0289181 1.13866 0.167233
0.0291328 1.14353 0.168792
0.0293394 1.14835 0.170361
0.0295396 1.15318 0.171938
0.0297328 1.15802 0.173519
0.0299182 1.1629 0.175099
0.0300955 1.16783 0.176676
0.0302649 1.1728 0.178255
0.0304271 1.17775 0.179852
0.030582 1.1827 0.181466
0.030729 1.18765 0.183092
0.0308678 1.19262 0.184726
0.0309991 1.19764 0.186362
0.0311324 1.20273 0.188002
0.0312723 1.20793 0.189642
0.0314175 1.21321 0.191283
0.0315676 1.21855 0.192933
0.0317214 1.22394 0.194587
0.0318789 1.22936 0.196252
0.0320371 1.23476 0.197931
0.0321944 1.24016 0.199617
0.0323499 1.24559 0.201306
0.0325021 1.25101 0.203001
0.032651 1.2564 0.204708
0.0328005 1.26173 0.206439
0.0329538 1.26699 0.2082
0.0331097 1.27217 0.209989
0.0332665 1.27724 0.211807
0.033423 1.28225 0.213648
0.0335778 1.28723 0.215503
0.0337298 1.29221 0.217367
0.033879 1.2972 0.219234
0.0340277 1.30224 0.22111
0.0341758 1.30733 0.222988
0.034325 1.31251 0.224866
0.0344741 1.31778 0.226744
0.034622 1.32316 0.22862
0.034768 1.32861 0.230494
0.0349145 1.33409 0.232372
0.035063 1.33963 0.234248
0.0352124 1.34524 0.236119
0.0353586 1.3509 0.237981
0.0355002 1.3566 0.23983
0.0356369 1.36237 0.241664
0.0357721 1.3682 0.243488
0.0359065 1.37405 0.245309
0.0360381 1.37987 0.247134
0.0361655 1.38567 0.24896
0.0362879 1.39148 0.250783
0.0364062 1.3973 0.25261
0.0365207 1.40307 0.254455
0.0366308 1.40881 0.256314
0.0367359 1.41457 0.258181
0.0368353 1.42035 0.26005
0.0369309 1.42619 0.261916
0.037024 1.43209 0.263777
0.0371155 1.43807 0.265629
0.03721 1.44411 0.267481
0.0373156 1.45015 0.269353
0.0374387 1.45614 0.271251
0.0375739 1.4621 0.27317
0.0377171 1.46801 0.275111
0.0378678 1.47388 0.277069
0.0380251 1.47972 0.279041
0.0381889 1.48556 0.281023
0.0383612 1.49142 0.283011
0.0385385 1.49731 0.285003
0.0387187 1.50325 0.286994
0.0389006 1.50924 0.288981
0.0390837 1.51525 0.29097
0.039268 1.52122 0.292968
0.0394535 1.52718 0.294972
0.0396394 1.53315 0.296978
0.0398273 1.53913 0.298981
0.0400184 1.54512 0.300978
0.040214 1.55111 0.302966
0.0404138 1.55715 0.30494
0.0406158 1.56324 0.306898
0.0408183 1.56935 0.308844
0.0410208 1.57541 0.310802
0.0412232 1.58142 0.312772
0.0414247 1.58738 0.31476
0.0416265 1.59329 0.316763
0.0418287 1.59918 0.318775
0.0420312 1.60506 0.320794
0.0422325 1.61094 0.322821
0.0424307 1.61681 0.324855
0.0426262 1.62264 0.326902
0.0428234 1.62841 0.328964
0.0430249 1.63412 0.331042
0.0432324 1.63973 0.333137
0.0434481 1.64528 0.335243
0.0436741 1.65079 0.337359
0.0439151 1.65624 0.339488
0.0441676 1.66168 0.341624
0.0444269 1.66709 0.343764
0.0446922 1.67246 0.345907
0.0449657 1.6778 0.348052
0.0452463 1.68312 0.350196
0.0455326 1.68846 0.352338
0.0458226 1.69383 0.354475
0.0461146 1.69921 0.356603
0.0464064 1.70461 0.358717
0.0466993 1.71001 0.360822
0.046996 1.7154 0.362921
0.0472999 1.72078 0.365015
0.0476106 1.72619 0.367098
0.0479257 1.73166 0.369166
0.0482445 1.7372 0.371215
0.0485652 1.74282 0.373242
0.0488855 1.74851 0.375252
0.0492047 1.75422 0.37726
0.0495267 1.75993 0.37927
0.0498542 1.76558 0.381288
0.0501884 1.77117 0.383318
0.0505284 1.7767 0.38536
0.0508743 1.78221 0.38741
0.0512295 1.78766 0.389469
0.0515947 1.79307 0.391533
0.0519678 1.79847 0.393596
0.0523465 1.80387 0.395659
0.0527307 1.80924 0.397724
0.0531193 1.81459 0.399789
0.0535133 1.81995 0.401849
0.0539113 1.82532 0.403901
0.0543109 1.83071 0.405938
0.0547101 1.83616 0.407955
0.0551091 1.84166 0.409956
0.0555079 1.84721 0.411945
0.0559059 1.85281 0.413919
0.056305 1.85846 0.415882
0.0567088 1.86409 0.417842
0.0571187 1.86967 0.419808
0.0575367 1.87518 0.421785
0.0579618 1.88064 0.423769
0.0583919 1.88604 0.425758
0.0588272 1.89136 0.427757
0.0592649 1.89663 0.42976
0.0597049 1.90188 0.431763
0.0601486 1.90712 0.433766
0.0605981 1.91236 0.43577
0.0610539 1.91761 0.437771
0.0615133 1.92292 0.439762
0.0619727 1.92829 0.441736
0.062431 1.93373 0.44369
0.0628914 1.93921 0.445628
0.0633524 1.94473 0.44755
0.0638119 1.9503 0.449457
0.0642692 1.9559 0.451352
0.0647248 1.96152 0.45324
0.0651822 1.96711 0.45513
0.0656439 1.97264 0.457026
0.0661147 1.97809 0.458935
0.0665952 1.98348 0.460851
0.0670826 1.98882 0.462768
0.0675758 1.99415 0.464682
0.0680725 1.99949 0.466589
0.0685722 2.00483 0.468491
0.0690749 2.01018 0.470386
0.0695807 2.01558 0.472272
0.0700902 2.021 0.474148
0.0706011 2.02645 0.476012
0.0711103 2.03193 0.477861
0.0716159 2.03746 0.479693
0.0721195 2.04302 0.481512
0.072624 2.04854 0.483329
0.0731309 2.05404 0.485144
0.0736427 2.05951 0.486961
0.0741588 2.06496 0.488776
0.0746814 2.07042 0.490587
0.0752101 2.0759 0.492394
0.0757423 2.08139 0.49419
0.0762764 2.08689 0.495976
0.0768105 2.0924 0.497752
0.0773423 2.09792 0.499512
0.0778712 2.10349 0.501253
0.0783988 2.10909 0.502978
0.0789241 2.11476 0.504684
0.0794487 2.12049 0.506372
0.079974 2.12624 0.508046
0.080502 2.132 0.509711
0.0810364 2.13775 0.511373
0.0815777 2.14348 0.513036
0.0821221 2.14923 0.514693
0.0826681 2.15501 0.51634
0.0832167 2.1608 0.517979
0.0837676 2.16662 0.519606
0.0843189 2.17249 0.521219
0.0848722 2.1784 0.522819
0.0854258 2.18439 0.524404
0.0859788 2.19046 0.525972
0.0865337 2.1966 0.527529
0.0870918 2.20278 0.529077
0.0876537 2.20897 0.530618
0.0882196 2.21519 0.532151
0.0887895 2.22144 0.533676
0.089365 2.2277 0.535195
0.089945 2.23397 0.536707
0.0905267 2.2403 0.538205
0.0911094 2.2467 0.539687
0.091694 2.25316 0.541155
0.0922809 2.25969 0.542611
0.0928738 2.26627 0.544062
0.0934731 2.27291 0.545509
0.0940779 2.27963 0.54695
0.0946899 2.28639 0.548387
0.0953083 2.2932 0.54982
0.095932 2.30003 0.551248
0.0965593 2.30688 0.55267
0.0971917 2.31376 0.554086
0.0978276 2.32069 0.555496
0.0984655 2.3277 0.556895
0.0991045 2.33478 0.558283
0.0997476 2.34193 0.559663
0.100395 2.34913 0.561038
0.101049 2.35636 0.562407
0.101706 2.36364 0.56377
0.102367 2.37094 0.565126
0.103031 2.37828 0.566478
0.103699 2.38567 0.567826
0.10437 2.3931 0.569165
0.105042 2.4006 0.570497
0.105716 2.40817 0.571818
0.106392 2.41581 0.573131
0.107071 2.42351 0.574438
0.107755 2.43126 0.575744
0.108443 2.43903 0.577051
0.109134 2.44682 0.578354
0.109828 2.45465 0.579652
0.110524 2.46251 0.580946
0.111222 2.47043 0.582234
0.111922 2.4784 0.583518
0.112625 2.48641 0.584799
0.11333 2.49448 0.586078
0.114036 2.50261 0.587352
0.114745 2.51079 0.588623
0.115457 2.51899 0.589895
0.116172 2.52725 0.591165
0.116888 2.53557 0.592431
0.117606 2.54393 0.593697
0.118326 2.55234 0.594962
0.119047 2.5608 0.596227
0.11977 2.5693 0.597489
0.120494 2.57786 0.59875
0.12122 2.58647 0.600009
0.121948 2.5951 0.601271
0.122678 2.60375 0.602537
0.123411 2.61242 0.603805
0.124144 2.62113 0.605074
0.124879 2.62989 0.606345
0.125615 2.6387 0.607617
0.126352 2.64756 0.608891
0.127091 2.65645 0.610167
0.127831 2.66535 0.611447
0.128572 2.67427 0.612731
0.129314 2.68321 0.614019
0.130058 2.69219 0.615309
0.130802 2.7012 0.616602
0.131547 2.71025 0.6179
0.132292 2.71933 0.619201
0.133037 2.72844 0.620504
0.133783 2.73756 0.621812
0.134529 2.74671 0.623123
0.135275 2.75588 0.624438
0.136021 2.76508 0.625758
0.136768 2.7743 0.627082
0.137513 2.78355 0.628408
0.138259 2.79281 0.629738
0.139004 2.80208 0.631073
0.139749 2.81134 0.632413
0.140493 2.82061 0.633757
0.141236 2.82989 0.635102
0.141977 2.8392 0.636448
0.142716 2.84851 0.637796
0.143453 2.85785 0.639146
0.144189 2.86718 0.640498
0.144922 2.87652 0.641853
0.145653 2.88586 0.643208
0.146382 2.89521 0.644566
0.147108 2.90456 0.645924
0.147831 2.91391 0.647283
0.148551 2.92327 0.648642
0.149267 2.93262 0.65
0.149981 2.94195 0.651359
0.150692 2.95129 0.652719
0.151399 2.96062 0.654079
0.152102 2.96994 0.655438
0.152802 2.97926 0.656796
0.153498 2.98856 0.658154
0.15419 2.99786 0.65951
0.154878 3.00716 0.660866
0.155562 3.01647 0.662219
0.156241 3.02579 0.663569
0.156915 3.03513 0.664916
0.157584 3.04447 0.66626
0.158249 3.05383 0.667601
0.158907 3.06321 0.668937
0.15956 3.07259 0.67027
0.160206 3.082 0.671597
0.160847 3.09143 0.67292
0.161481 3.10086 0.674239
0.162109 3.11029 0.675555
0.162731 3.11974 0.676866
0.163346 3.12918 0.678173
0.163954 3.13862 0.679476
0.164555 3.14807 0.680774
0.165149 3.15751 0.682069
0.165736 3.16695 0.683358
0.166316 3.17641 0.684643
0.166889 3.18586 0.685922
0.167454 3.19533 0.687196
0.168011 3.20482 0.688465
0.168561 3.2143 0.689728
0.169103 3.2238 0.690986
0.169637 3.23332 0.692239
0.170163 3.24286 0.693486
0.170681 3.25242 0.694727
0.171191 3.262 0.695962
0.171692 3.27161 0.69719
0.172184 3.28125 0.698413
0.172668 3.29092 0.699629
0.173143 3.30062 0.700838
0.173608 3.31034 0.702041
0.174064 3.32009 0.703237
0.174511 3.32987 0.704428
0.174948 3.33967 0.705612
0.175376 3.34951 0.70679
0.175794 3.35936 0.707961
0.176202 3.36925 0.709127
0.1766 3.37916 0.710285
0.176987 3.38911 0.711437
0.177363 3.39909 0.712581
0.177729 3.40911 0.713718
0.178083 3.41915 0.714847
0.178425 3.42923 0.715969
0.178756 3.43934 0.717083
0.179075 3.44949 0.71819
0.179382 3.45968 0.719289
0.179677 3.46992 0.720379
0.17996 3.48022 0.721461
0.180231 3.49058 0.722534
0.18049 3.50098 0.7236
0.180736 3.51145 0.724658
0.18097 3.52195 0.725709
0.181191 3.5325 0.726754
0.181401 3.54309 0.727794
0.181598 3.55371 0.728828
0.181783 3.56437 0.729858
0.181955 3.57507 0.730883
0.182116 3.58581 0.731903
0.182265 3.59658 0.732919
0.182402 3.60739 0.733931
0.182527 3.61823 0.73494
0.18264 3.62912 0.735945
0.182741 3.64004 0.736948
0.182831 3.65099 0.737948
0.182909 3.66198 0.738946
0.182976 3.67299 0.739942
0.183031 3.68405 0.740937
0.183075 3.69512 0.741931
0.18311 3.70608 0.742961
0.183141 3.71667 0.744089
0.183172 3.72667 0.745371
0.183206 3.73587 0.746853
0.183246 3.74409 0.748577
0.183295 3.75117 0.750583
