0.0286
1.1759
1.00748
500
1
0.0215318 0.922418 0.120028
0.0215371 0.925784 0.121036
0.0215478 0.929276 0.122039
0.0215706 0.932897 0.123039
0.021605 0.936651 0.124035
0.0216494 0.940541 0.125027
0.0217024 0.944568 0.126014
0.0217662 0.948759 0.126996
0.021842 0.953136 0.127977
0.0219329 0.957713 0.128954
0.0220419 0.962505 0.129928
0.0221667 0.967507 0.130896
0.022305 0.972708 0.131859
0.0224569 0.978072 0.132831
0.0226205 0.983586 0.133814
0.0227937 0.989249 0.134805
0.0229748 0.995058 0.135802
0.0231619 1.00101 0.136803
0.0233537 1.00707 0.137812
0.0235491 1.01318 0.138837
0.0237469 1.01934 0.139877
0.0239457 1.02556 0.140929
0.024147 1.03182 0.141998
0.0243496 1.03805 0.143093
0.0245509 1.04418 0.144217
0.0247531 1.05026 0.145367
0.0249647 1.05635 0.146539
0.0251849 1.06246 0.147729
0.0254133 1.06853 0.148948
0.0256512 1.07443 0.150212
0.0258964 1.08019 0.151516
0.026147 1.08585 0.152853
0.0264009 1.09144 0.154216
0.0266565 1.09698 0.155601
0.0269123 1.10249 0.157002
0.0271685 1.10801 0.158417
0.0274258 1.11352 0.159846
0.02768 1.11896 0.161298
0.0279291 1.12428 0.162774
0.0281709 1.12943 0.16428
0.0284048 1.13444 0.16581
0.0286302 1.13936 0.167359
0.0288464 1.1442 0.168921
0.0290552 1.14902 0.170492
0.0292576 1.15383 0.172072
0.0294526 1.15867 0.173654
0.02964 1.16354 0.175236
0.0298191 1.16846 0.176814
0.0299903 1.17342 0.178395
0.0301542 1.17837 0.179994
0.0303107 1.18331 0.18161
0.0304593 1.18826 0.183237
0.0305996 1.19323 0.184871
0.0307327 1.19825 0.186507
0.0308693 1.20335 0.188147
0.0310121 1.20855 0.189786
0.0311603 1.21383 0.191429
0.0313133 1.21916 0.193081
0.0314697 1.22455 0.194736
0.0316291 1.22996 0.196402
0.0317889 1.23535 0.198081
0.0319478 1.24074 0.199768
0.0321047 1.24615 0.201457
0.0322582 1.25156 0.203152
0.0324082 1.25694 0.204861
0.0325593 1.26225 0.206595
0.0327143 1.26749 0.208359
0.0328717 1.27266 0.21015
0.03303 1.27773 0.211969
0.0331877 1.28273 0.213811
0.0333438 1.28771 0.215666
0.0334971 1.29268 0.217529
0.0336478 1.29768 0.219397
0.0337981 1.30271 0.221272
0.033948 1.30781 0.223149
0.0340991 1.31299 0.225027
0.03425 1.31827 0.226906
0.0343994 1.32365 0.228781
0.0345472 1.32911 0.230654
0.0346955 1.3346 0.232531
0.034846 1.34015 0.234406
0.034997 1.34577 0.236274
0.0351445 1.35143 0.238134
0.0352872 1.35714 0.239982
0.0354252 1.36292 0.241814
0.0355621 1.36874 0.243638
0.035698 1.37458 0.245459
0.0358309 1.38039 0.247285
0.0359595 1.38618 0.249112
0.0360832 1.39199 0.250935
0.0362025 1.39779 0.252761
0.0363181 1.40356 0.254605
0.0364293 1.40931 0.256463
0.0365354 1.41506 0.258328
0.0366359 1.42085 0.260195
0.0367329 1.42669 0.26206
0.0368274 1.4326 0.263918
0.0369206 1.43858 0.265769
0.0370173 1.44463 0.267619
0.0371259 1.45066 0.269491
0.0372518 1.45665 0.27139
0.0373891 1.4626 0.27331
0.0375344 1.46851 0.27525
0.0376872 1.47438 0.277207
0.0378465 1.48023 0.279179
0.0380125 1.48607 0.28116
0.0381867 1.49193 0.283148
0.0383657 1.49782 0.285139
0.0385474 1.50376 0.287128
0.0387309 1.50975 0.289114
0.0389158 1.51576 0.291103
0.0391018 1.52173 0.293101
0.0392891 1.52769 0.295106
0.0394767 1.53366 0.297111
0.0396666 1.53964 0.299113
0.0398597 1.54562 0.301109
0.0400573 1.55162 0.303095
0.0402588 1.55765 0.305068
0.0404627 1.56375 0.307024
0.0406669 1.56986 0.30897
0.0408711 1.57591 0.310927
0.041075 1.58192 0.312898
0.041278 1.58788 0.314884
0.0414816 1.59379 0.316887
0.0416855 1.59968 0.318898
0.0418897 1.60556 0.320917
0.0420924 1.61144 0.322943
0.0422919 1.61731 0.324977
0.042489 1.62314 0.327024
0.042688 1.6289 0.329086
0.0428913 1.6346 0.331164
0.0431008 1.64021 0.333259
0.0433187 1.64576 0.335365
0.0435475 1.65126 0.337482
0.0437911 1.65671 0.339611
0.0440458 1.66215 0.341748
0.0443071 1.66755 0.343887
0.0445744 1.67292 0.346031
0.0448501 1.67825 0.348176
0.0451326 1.68357 0.350319
0.0454207 1.68891 0.352461
0.0457123 1.69428 0.354597
0.0460057 1.69965 0.356724
0.0462989 1.70506 0.358837
0.0465935 1.71045 0.360942
0.0468921 1.71584 0.363041
0.0471979 1.72122 0.365133
0.0475103 1.72663 0.367216
0.0478271 1.7321 0.369282
0.0481475 1.73764 0.37133
0.0484695 1.74327 0.373356
0.0487909 1.74897 0.375365
0.0491115 1.75468 0.377371
0.0494351 1.76038 0.379381
0.0497643 1.76603 0.3814
0.0501004 1.77161 0.383431
0.050442 1.77714 0.385474
0.0507897 1.78264 0.387525
0.0511469 1.78809 0.389584
0.051514 1.7935 0.391648
0.0518887 1.7989 0.393711
0.052269 1.80429 0.395773
0.0526547 1.80966 0.397839
0.0530447 1.81501 0.399903
0.0534402 1.82038 0.401963
0.0538395 1.82574 0.404014
0.0542401 1.83114 0.40605
0.0546403 1.83659 0.408066
0.0550404 1.84209 0.410066
0.0554401 1.84764 0.412054
0.0558391 1.85325 0.414027
0.0562395 1.85889 0.415989
0.0566448 1.86452 0.417949
0.0570563 1.87009 0.419915
0.057476 1.8756 0.421893
0.0579026 1.88105 0.423877
0.0583342 1.88645 0.425866
0.0587707 1.89177 0.427866
0.0592096 1.89704 0.429868
0.0596508 1.90229 0.431871
0.0600957 1.90753 0.433874
0.0605467 1.91277 0.435878
0.0610038 1.91803 0.437878
0.0614643 1.92334 0.439868
0.0619245 1.92871 0.441841
0.0623838 1.93415 0.443794
0.0628452 1.93963 0.445731
0.0633071 1.94516 0.447652
0.0637673 1.95072 0.449558
0.0642253 1.95633 0.451452
0.0646818 1.96195 0.45334
0.0651405 1.96753 0.45523
0.0656036 1.97306 0.457127
0.066076 1.97851 0.459036
0.0665581 1.98389 0.460953
0.0670469 1.98924 0.46287
0.0675414 1.99456 0.464785
0.0680392 1.9999 0.466691
0.0685401 2.00524 0.468592
0.0690439 2.0106 0.470487
0.0695508 2.016 0.472372
0.0700614 2.02142 0.474248
0.0705731 2.02687 0.476111
0.0710829 2.03236 0.477959
0.0715891 2.03789 0.47979
0.0720934 2.04345 0.481609
0.0725988 2.04897 0.483426
0.0731068 2.05447 0.485241
0.0736197 2.05993 0.487058
0.074137 2.06538 0.488873
0.0746609 2.07085 0.490684
0.0751907 2.07632 0.49249
0.0757239 2.08182 0.494286
0.0762588 2.08732 0.496071
0.0767936 2.09282 0.497846
0.0773258 2.09835 0.499605
0.0778553 2.10392 0.501346
0.0783835 2.10952 0.50307
0.0789094 2.1152 0.504774
0.0794348 2.12093 0.506461
0.079961 2.12668 0.508135
0.08049 2.13244 0.5098
0.0810257 2.13819 0.511463
0.081568 2.14392 0.513125
0.0821133 2.14968 0.514782
0.0826601 2.15546 0.516429
0.0832096 2.16125 0.518067
0.0837611 2.16707 0.519694
0.0843132 2.17294 0.521306
0.0848672 2.17886 0.522905
0.0854214 2.18485 0.524489
0.085975 2.19093 0.526057
0.0865307 2.19707 0.527613
0.0870897 2.20325 0.52916
0.0876525 2.20944 0.530701
0.0882192 2.21567 0.532234
0.0887901 2.22192 0.533759
0.0893666 2.22817 0.535278
0.0899473 2.23445 0.536789
0.0905296 2.24078 0.538286
0.091113 2.24718 0.539767
0.0916983 2.25365 0.541234
0.092286 2.26018 0.54269
0.0928799 2.26677 0.544142
0.0934801 2.27342 0.545589
0.094086 2.28013 0.54703
0.094699 2.2869 0.548466
0.0953183 2.29371 0.549899
0.0959428 2.30054 0.551327
0.0965707 2.3074 0.552749
0.0972039 2.31428 0.554165
0.0978406 2.32121 0.555574
0.098479 2.32822 0.556973
0.0991186 2.33531 0.558361
0.0997625 2.34246 0.559741
0.100411 2.34966 0.561115
0.101065 2.3569 0.562484
0.101723 2.36417 0.563847
0.102385 2.37148 0.565203
0.10305 2.37883 0.566555
0.103718 2.38621 0.567902
0.104389 2.39366 0.569241
0.105062 2.40116 0.570572
0.105736 2.40873 0.571893
0.106413 2.41637 0.573206
0.107093 2.42408 0.574513
0.107778 2.43183 0.575819
0.108466 2.4396 0.577126
0.109158 2.44739 0.578429
0.109852 2.45522 0.579727
0.110548 2.46309 0.581021
0.111247 2.47101 0.582309
0.111947 2.47898 0.583592
0.112651 2.487 0.584874
0.113356 2.49507 0.586153
0.114063 2.50321 0.587426
0.114773 2.51138 0.588698
0.115485 2.51959 0.58997
0.116201 2.52785 0.591239
0.116917 2.53617 0.592506
0.117636 2.54454 0.593772
0.118356 2.55295 0.595038
0.119078 2.56142 0.596302
0.119801 2.56992 0.597565
0.120525 2.57848 0.598826
0.121251 2.58709 0.600085
0.12198 2.59573 0.601347
0.122711 2.60437 0.602614
0.123443 2.61305 0.603882
0.124177 2.62176 0.605152
0.124912 2.63052 0.606423
0.125649 2.63934 0.607695
0.126386 2.6482 0.608969
0.127125 2.65709 0.610245
0.127865 2.66599 0.611526
0.128607 2.67491 0.612811
0.12935 2.68386 0.614099
0.130094 2.69284 0.615389
0.130838 2.70185 0.616683
0.131583 2.7109 0.617981
0.132329 2.71998 0.619282
0.133074 2.72909 0.620586
0.13382 2.73821 0.621894
0.134566 2.74736 0.623205
0.135312 2.75654 0.624521
0.136059 2.76574 0.625841
0.136806 2.77496 0.627166
0.137551 2.7842 0.628492
0.138297 2.79347 0.629823
0.139043 2.80274 0.631158
0.139788 2.812 0.632498
0.140532 2.82127 0.633843
0.141275 2.83055 0.635188
0.142016 2.83986 0.636535
0.142755 2.84917 0.637883
0.143492 2.85851 0.639233
0.144228 2.86784 0.640586
0.144961 2.87718 0.64194
0.145692 2.88652 0.643296
0.146421 2.89587 0.644654
0.147147 2.90522 0.646012
0.14787 2.91458 0.647371
0.14859 2.92393 0.64873
0.149306 2.93328 0.650088
0.15002 2.94261 0.651448
0.150731 2.95195 0.652808
0.151438 2.96128 0.654168
0.152141 2.9706 0.655526
0.152841 2.97992 0.656885
0.153537 2.98922 0.658243
0.154228 2.99852 0.659599
0.154916 3.00782 0.660955
0.1556 3.01712 0.662308
0.156279 3.02644 0.663658
0.156953 3.03578 0.665004
0.157622 3.04513 0.666349
0.158286 3.05448 0.667689
0.158944 3.06387 0.669025
0.159596 3.07325 0.670358
0.160243 3.08266 0.671685
0.160883 3.09209 0.673008
0.161517 3.10152 0.674327
0.162145 3.11095 0.675642
0.162766 3.1204 0.676953
0.163381 3.12984 0.67826
0.163988 3.13928 0.679563
0.164589 3.14873 0.680861
0.165183 3.15817 0.682155
0.16577 3.16761 0.683444
0.166349 3.17707 0.684728
0.166922 3.18653 0.686008
0.167486 3.196 0.687281
0.168043 3.20548 0.688549
0.168593 3.21497 0.689813
0.169134 3.22447 0.691071
0.169668 3.23399 0.692323
0.170194 3.24353 0.69357
0.170711 3.25309 0.69481
0.17122 3.26267 0.696045
0.171721 3.27229 0.697273
0.172213 3.28192 0.698495
0.172696 3.29159 0.69971
0.17317 3.30129 0.700919
0.173635 3.31102 0.702121
0.17409 3.32077 0.703317
0.174536 3.33055 0.704508
0.174973 3.34036 0.705691
0.1754 3.35019 0.706869
0.175818 3.36005 0.70804
0.176225 3.36994 0.709205
0.176622 3.37985 0.710363
0.177009 3.3898 0.711514
0.177385 3.39979 0.712658
0.177749 3.4098 0.713794
0.178102 3.41985 0.714923
0.178444 3.42993 0.716045
0.178774 3.44004 0.717159
0.179092 3.45019 0.718265
0.179399 3.46039 0.719363
0.179693 3.47063 0.720453
0.179976 3.48094 0.721534
0.180246 3.49129 0.722607
0.180503 3.50171 0.723672
0.180749 3.51217 0.724729
0.180982 3.52268 0.72578
0.181203 3.53323 0.726825
0.181411 3.54382 0.727864
0.181608 3.55445 0.728899
0.181792 3.56511 0.729928
0.181964 3.57581 0.730952
0.182124 3.58655 0.731972
0.182272 3.59733 0.732988
0.182408 3.60814 0.734
0.182532 3.61898 0.735008
0.182644 3.62988 0.736013
0.182745 3.6408 0.737016
0.182834 3.65175 0.738016
0.182912 3.66274 0.739014
0.182978 3.67376 0.74001
0.183032 3.68481 0.741005
0.183075 3.69589 0.742
0.18311 3.70683 0.743035
0.183141 3.71738 0.744173
0.183172 3.72732 0.745468
0.183207 3.73645 0.746967
0.183247 3.7446 0.748711
0.183297 3.75158 0.750739
0.183359 3.75724 0.75308
0.183436 3.76146 0.755756
0.18353 3.76413 0.75878
0.183644 3.76514 0.762163
0.183782 3.76439 0.765915
0.183948 3.76179 0.770036
0.184144 3.75728 0.774519
0.184378 3.7508 0.779352
0.184656 3.74234 0.784509
0.184986 3.73193 0.789961
0.185378 3.71958 0.795672
0.185841 3.7053 0.801605
0.186364 3.68892 0.807715
0.18692 3.67013 0.813954
0.187487 3.64868 0.820273
0.188062 3.62454 0.826618
0.188656 3.59785 0.832943
0.189286 3.56885 0.839198
0.18997 3.53783 0.84534
0.190727 3.50505 0.851333
0.191573 3.47087 0.857142
0.192523 3.43555 0.862742
0.19359 3.39941 0.868112
0.194786 3.36271 0.873237
0.196117 3.32571 0.878109
0.197589 3.28864 0.88272
0.199206 3.25172 0.887071
0.200968 3.21514 0.891164
0.202875 3.17906 0.895004
0.204923 3.14364 0.898599
0.207104 3.10894 0.901955
0.209398 3.0751 0.905077
0.211788 3.0422 0.907971
0.214259 3.01037 0.910646
0.216807 2.97972 0.913116
0.21943 2.95029 0.915395
0.222124 2.92212 0.917498
0.2249 2.89512 0.919443
0.227779 2.86911 0.921253
0.230773 2.84394 0.922944
0.233889 2.81949 0.924528
0.237133 2.79567 0.926015
0.240505 2.77236 0.927414
0.244006 2.74948 0.928729
0.247631 2.72693 0.929968
0.251377 2.70464 0.931133
0.255238 2.68253 0.932227
0.259207 2.66053 0.933255
0.26328 2.63855 0.934218
0.267447 2.61652 0.93512
0.271703 2.59434 0.935962
0.276041 2.57195 0.936745
0.280455 2.54926 0.937473
0.284938 2.52619 0.938146
0.289481 2.50267 0.938766
0.294072 2.47868 0.939331
0.298701 2.45418 0.939842
0.303355 2.42916 0.940299
0.308023 2.40359 0.940701
0.312695 2.37744 0.941049
0.317364 2.35069 0.941344
0.32202 2.32332 0.941586
0.32665 2.29534 0.941773
0.331245 2.26678 0.941905
0.335793 2.23767 0.941983
0.340284 2.20807 0.942005
0.344706 2.17804 0.94197
0.349048 2.14769 0.941877
0.353299 2.1171 0.941726
0.35745 2.08641 0.941516
0.361491 2.05571 0.941246
0.365416 2.02513 0.940917
0.369218 1.9948 0.940527
0.372894 1.96483 0.940077
0.376444 1.93524 0.93957
0.37987 1.90608 0.939006
0.383172 1.87741 0.938387
0.386351 1.8493 0.937714
0.389408 1.82183 0.936987
0.392343 1.79511 0.936207
0.395155 1.76925 0.935374
0.397845 1.74438 0.934489
0.400415 1.72063 0.933552
0.402865 1.69809 0.932564
0.4052 1.67686 0.931525
0.407422 1.65701 0.930436
0.409534 1.63862 0.929299
0.411541 1.62175 0.928114
0.413445 1.60648 0.926883
0.415249 1.59286 0.925605
0.416956 1.58096 0.924284
0.418571 1.57082 0.922919
0.420095 1.56252 0.921513
